LogisticRegression

[[3137    0   25   11   16   32   30    9   25   23]
 [   0 3646   57   25   22   20   18   32   62   16]
 [  24   16 2864  109   51   22   62   46   55   13]
 [  10   18  106 3002    4  104    3   30  104   52]
 [  11    4   55   11 2900   36   56   60   21  116]
 [  67   15   45  139    6 2577   27   13  105   36]
 [  29    1   47   18   34   87 3064    4   16    0]
 [   7   11   53   38   37   17    1 3191   18  139]
 [  15   50   71   62   35   97   27   14 2842   40]
 [  11    3   20   34  117   38    3  109   39 2960]]

LogisticRegressionCV

[[3167    0   22    7    6   30   22    8   23   24]
 [   1 3655   48   20   19   21   11   28   64   12]
 [  14   15 2927   98   43   14   35   46   44   19]
 [   7   21   85 3039    4  101    2   31  115   52]
 [  11    2   49    8 2947   31   40   40   14  129]
 [  58   18   30  145    5 2619   32    7  103   30]
 [  26    0   45   15   27   81 3125    4   19    1]
 [   5    9   52   29   29   17    1 3224   20  129]
 [  17   39   74   59   27   89   19    9 2835   31]
 [   5    5   11   29  115   27    4  111   50 2968]]

SVC

[[3225    0   16    2    1   12   20    6   14    8]
 [   0 3695   10   10   11   11    9   24   40    8]
 [  28   25 3191  106   55   43   67   78   51   55]
 [   3   11   33 3189    1   57    0   11   52   56]
 [   6    4   22    7 3046    7   18   24   16   89]
 [  14    5    2   46    7 2817   22    1   50   10]
 [  24    6   17    6   18   51 3146    0   11    0]
 [   1    6   26   28   15    3    0 3298   11  101]
 [  10    6   22   40   12   17    9    4 3015   27]
 [   0    6    4   15   56   12    0   62   27 3041]]

MLPClassifier

[[3214    0   16    5    6   16   18    5   18   20]
 [   0 3693   22   11   15   14   14   22   26    5]
 [   8   18 3091   50   25    8   13   30   31   16]
 [   7   11   49 3234    2   57    6   26   48   38]
 [  10    4   29    5 3060    8   31   21   15   85]
 [  28    8   15   52    1 2810   22   10   41   15]
 [  20    1   32    9   19   39 3166    4   16    1]
 [   9   12   42   22   17   12    3 3340   13   74]
 [   9   11   36   42   21   49   16   11 3046   34]
 [   6    6   11   19   56   17    2   39   33 3107]]

